4 92 91
92 36 212
91 212 35
212 91 92
36 148 214
148 17 149
214 149 62
149 214 148
35 213 121
213 62 120
121 120 11
120 121 213
62 213 214
213 35 212
214 212 36
212 214 213
17 151 150
151 39 221
150 221 58
221 150 151
39 95 222
95 5 96
222 96 40
96 222 95
58 225 115
225 40 114
115 114 10
114 115 225
40 225 222
225 58 221
222 221 39
221 222 225
11 123 122
123 59 198
122 198 27
198 122 123
59 116 194
116 10 117
194 117 26
117 194 116
27 195 83
195 26 82
83 82 1
82 83 195
26 195 194
195 27 198
194 198 59
198 194 195
10 116 115
116 59 266
115 266 58
266 115 116
59 123 268
123 11 120
268 120 62
120 268 123
58 267 150
267 62 149
150 149 17
149 150 267
62 267 268
267 58 266
268 266 59
266 268 267
2 86 85
86 30 200
85 200 29
200 85 86
30 124 204
124 12 125
204 125 63
125 204 124
29 201 129
201 63 128
129 128 13
128 129 201
63 201 204
201 29 200
204 200 30
200 204 201
12 127 126
127 28 199
126 199 60
199 126 127
28 84 196
84 1 82
196 82 26
82 196 84
60 197 118
197 26 117
118 117 10
117 118 197
26 197 196
197 60 199
196 199 28
199 196 197
13 131 130
131 61 228
130 228 41
228 130 131
61 119 226
119 10 114
226 114 40
114 226 119
41 227 97
227 40 96
97 96 5
96 97 227
40 227 226
227 41 228
226 228 61
228 226 227
10 119 118
119 61 269
118 269 60
269 118 119
61 131 271
131 13 128
271 128 63
128 271 131
60 270 126
270 63 125
126 125 12
125 126 270
63 270 271
270 60 269
271 269 61
269 271 270
5 98 97
98 42 229
97 229 41
229 97 98
42 164 231
164 20 165
231 165 64
165 231 164
41 230 130
230 64 132
130 132 13
132 130 230
64 230 231
230 41 229
231 229 42
229 231 230
20 167 166
167 45 239
166 239 66
239 166 167
45 101 240
101 6 102
240 102 46
102 240 101
66 243 135
243 46 134
135 134 14
134 135 243
46 243 240
243 66 239
240 239 45
239 240 243
13 133 129
133 65 202
129 202 29
202 129 133
65 136 205
136 14 137
205 137 31
137 205 136
29 203 85
203 31 87
85 87 2
87 85 203
31 203 205
203 29 202
205 202 65
202 205 203
14 136 135
136 65 274
135 274 66
274 135 136
65 133 272
133 13 132
272 132 64
132 272 133
66 273 166
273 64 165
166 165 20
165 166 273
64 273 272
273 66 274
272 274 65
274 272 273
3 90 89
90 34 209
89 209 33
209 89 90
34 140 211
140 15 141
211 141 69
141 211 140
33 210 145
210 69 144
145 144 16
144 145 210
69 210 211
210 33 209
211 209 34
209 211 210
15 143 142
143 32 208
142 208 67
208 142 143
32 88 206
88 2 87
206 87 31
87 206 88
67 207 138
207 31 137
138 137 14
137 138 207
31 207 206
207 67 208
206 208 32
208 206 207
16 147 146
147 68 246
146 246 47
246 146 147
68 139 244
139 14 134
244 134 46
134 244 139
47 245 103
245 46 102
103 102 6
102 103 245
46 245 244
245 47 246
244 246 68
246 244 245
14 139 138
139 68 275
138 275 67
275 138 139
68 147 277
147 16 144
277 144 69
144 277 147
67 276 142
276 69 141
142 141 15
141 142 276
69 276 277
276 67 275
277 275 68
275 277 276
7 106 105
106 50 248
105 248 49
248 105 106
50 186 250
186 24 187
250 187 75
187 250 186
49 249 161
249 75 160
161 160 19
160 161 249
75 249 250
249 49 248
250 248 50
248 250 249
24 189 188
189 51 251
188 251 72
251 188 189
51 107 252
107 8 108
252 108 52
108 252 107
72 253 155
253 52 154
155 154 18
154 155 253
52 253 252
253 72 251
252 251 51
251 252 253
19 163 162
163 73 220
162 220 38
220 162 163
73 156 217
156 18 157
217 157 37
157 217 156
38 218 94
218 37 93
94 93 4
93 94 218
37 218 217
218 38 220
217 220 73
220 217 218
18 156 155
156 73 281
155 281 72
281 155 156
73 163 283
163 19 160
283 160 75
160 283 163
72 282 188
282 75 187
188 187 24
187 188 282
75 282 283
282 72 281
283 281 73
281 283 282
5 95 99
95 39 223
99 223 43
223 99 95
39 151 224
151 17 152
224 152 70
152 224 151
43 234 171
234 70 170
171 170 21
170 171 234
70 234 224
234 43 223
224 223 39
223 224 234
17 148 153
148 36 215
153 215 71
215 153 148
36 92 216
92 4 93
216 93 37
93 216 92
71 219 158
219 37 157
158 157 18
157 158 219
37 219 216
219 71 215
216 215 36
215 216 219
21 173 172
173 74 256
172 256 53
256 172 173
74 159 254
159 18 154
254 154 52
154 254 159
53 255 109
255 52 108
109 108 8
108 109 255
52 255 254
255 53 256
254 256 74
256 254 255
18 159 158
159 74 280
158 280 71
280 158 159
74 173 278
173 21 170
278 170 70
170 278 173
71 279 153
279 70 152
153 152 17
152 153 279
70 279 278
279 71 280
278 280 74
280 278 279
8 110 109
110 54 257
109 257 53
257 109 110
54 190 259
190 25 191
259 191 78
191 259 190
53 258 172
258 78 174
172 174 21
174 172 258
78 258 259
258 53 257
259 257 54
257 259 258
25 193 192
193 55 260
192 260 80
260 192 193
55 111 261
111 9 112
261 112 56
112 261 111
80 262 177
262 56 176
177 176 22
176 177 262
56 262 261
262 80 260
261 260 55
260 261 262
21 175 171
175 79 235
171 235 43
235 171 175
79 178 237
178 22 179
237 179 44
179 237 178
43 236 99
236 44 100
99 100 5
100 99 236
44 236 237
236 43 235
237 235 79
235 237 236
22 178 177
178 79 289
177 289 80
289 177 178
79 175 287
175 21 174
287 174 78
174 287 175
80 288 192
288 78 191
192 191 25
191 192 288
78 288 287
288 80 289
287 289 79
289 287 288
6 101 104
101 45 241
104 241 48
241 104 101
45 167 242
167 20 168
242 168 76
168 242 167
48 247 183
247 76 182
183 182 23
182 183 247
76 247 242
247 48 241
242 241 45
241 242 247
20 164 169
164 42 232
169 232 77
232 169 164
42 98 233
98 5 100
233 100 44
100 233 98
77 238 180
238 44 179
180 179 22
179 180 238
44 238 233
238 77 232
233 232 42
232 233 238
23 185 184
185 81 265
184 265 57
265 184 185
81 181 263
181 22 176
263 176 56
176 263 181
57 264 113
264 56 112
113 112 9
112 113 264
56 264 263
264 57 265
263 265 81
265 263 264
22 181 180
181 81 286
180 286 77
286 180 181
81 185 284
185 23 182
284 182 76
182 284 185
77 285 169
285 76 168
169 168 20
168 169 285
76 285 284
285 77 286
284 286 81
286 284 285
